Epoch: 21
accuracy:0.9012658227848102
F_1_score: 0.8721311475409836
Threshold: 0.73
